notebooks/prototypes/LandslideSimulation/Simulation_data/Input/YT_HK5m_clip.asc
ncols        181
nrows        87
xllcorner    811787.500000000000
yllcorner    815687.500000000000
cellsize     5.000000000000
NODATA_value  -9999
[rows 0 to 47 of 87, columns 0 to 95 of 181]
46.0 45 44 42 42 40 40 40 40 40 40 40 40 38 38 38 36 37 38 36 36 34 34 34 34 31 26 22 20 20 20 20 20 20 20 20 20 20 20 20 22 22 22 22 22 20 20 20 20 20 20 20 20 20 20 20 20 20 20 22 22 22 22 22 28 33 36 38 40 42 44 44 44 42 42 42 44 45 46 46 46 46 48 48 48 50 52 54 54 54 56 58 60 58 56 54
45 44 42 42 40 40 40 40 38 39 40 40 40 38 38 38 36 38 38 37 34 34 34 34 34 31 24 20 20 20 20 20 20 20 20 20 20 20 20 21 22 22 22 22 22 21 20 20 20 20 20 20 20 20 20 20 20 20 20 22 22 22 22 27 33 36 38 41 44 46 46 46 48 48 46 45 46 48 49 49 49 48 49 50 51 54 55 57 57 56 58 60 60 59 58 57
44 42 42 40 40 40 40 38 38 38 38 38 38 38 38 38 38 39 40 37 34 34 34 34 34 33 24 20 20 20 20 20 20 20 20 20 20 20 20 20 20 21 22 22 22 22 20 20 20 20 20 20 20 20 20 20 20 20 20 22 22 22 24 31 36 38 40 44 46 46 46 46 46 48 48 46 46 48 50 52 52 52 50 52 54 56 58 59 60 58 60 62 62 62 60 60
43 42 40 40 40 39 38 37 36 36 37 38 38 38 37 36 37 39 39 37 33 33 32 33 33 30 23 20 20 20 20 20 20 20 20 20 20 20 20 20 20 20 22 22 22 22 20 20 20 20 20 20 20 20 20 20 20 20 20 22 21 22 29 35 36 38 42 45 48 47 44 43 43 44 46 48 48 50 52 53 54 54 53 54 56 58 60 61 62 62 63 64 64 64 65 65
42 42 40 39 38 38 36 35 34 34 36 36 36 38 36 36 36 36 36 34 32 31 30 27 26 25 22 20 20 20 20 20 20 20 20 20 20 20 20 20 20 20 22 22 22 21 20 20 20 20 20 20 20 20 20 20 20 20 20 20 20 26 34 36 36 38 42 45 48 47 42 40 42 47 48 49 50 52 54 54 54 54 56 56 58 59 62 62 64 64 66 66 66 66 68 68
41 40 39 38 36 35 34 34 33 33 33 34 34 35 36 38 36 34 33 32 32 31 28 23 20 20 20 20 20 20 20 20 20 20 20 20 20 20 20 20 20 20 21 22 22 20 20 20 20 20 20 20 20 20 20 20 20 21 20 20 20 29 36 36 36 37 42 45 46 48 46 45 47 51 52 52 52 54 55 56 56 57 58 59 60 61 62 64 64 66 68 69 69 70 71 71
38 38 36 36 34 32 32 32 30 30 30 32 32 34 36 37 36 33 30 31 32 30 26 21 20 20 20 20 20 20 20 20 20 20 20 20 20 20 20 20 20 20 22 22 20 20 20 20 20 20 20 20 20 20 20 20 20 20 20 20 22 30 36 36 36 37 40 44 48 51 52 50 50 53 54 54 54 56 56 58 58 60 60 62 62 62 64 64 66 68 70 72 72 73 74 75
35 34 34 33 32 31 30 30 29 28 30 30 32 34 36 36 35 32 29 29 26 24 21 20 20 20 20 20 20 20 20 20 20 20 20 20 20 20 20 20 20 20 21 20 20 20 20 20 20 20 20 20 20 20 20 20 20 20 20 20 26 33 34 35 36 38 39 42 51 54 52 50 52 56 57 57 56 56 58 60 60 62 63 63 63 63 64 67 68 70 73 75 75 75 77 78
32 33 32 32 30 30 30 28 28 28 30 30 32 34 36 34 30 25 22 22 20 20 20 20 20 20 20 20 20 20 20 20 20 20 20 20 20 20 20 20 20 20 20 20 20 20 20 20 20 20 20 20 20 20 20 20 20 20 20 21 28 32 32 34 38 39 40 39 48 54 52 52 54 59 60 60 58 58 60 61 62 64 66 66 66 66 68 69 70 72 76 76 76 77 78 80
32 32 32 31 30 28 28 28 28 29 30 30 30 33 33 30 22 20 19 19 18 19 20 20 20 20 20 20 20 20 20 20 20 20 20 20 20 20 20 20 20 20 20 20 20 20 20 20 20 20 20 20 20 20 20 20 20 20 20 23 26 29 32 33 37 43 44 43 46 47 51 54 56 59 62 62 60 59 60 63 65 66 67 68 68 69 70 72 73 75 76 78 79 80 80 82
32 32 30 30 28 26 26 28 28 30 30 30 28 29 30 29 22 18 18 18 18 19 20 20 20 20 20 20 20 20 20 20 20 20 20 20 20 20 20 20 20 20 20 20 20 20 20 20 20 20 20 20 20 20 20 20 20 20 22 25 26 29 36 38 44 51 52 49 48 48 48 54 56 59 62 62 60 60 62 66 68 68 70 70 70 72 72 74 76 77 78 80 80 81 82 84
30 30 29 28 26 26 28 28 30 30 30 29 25 25 25 24 20 18 18 18 18 18 19 20 20 20 20 20 20 20 20 20 20 20 20 20 20 20 20 20 20 20 20 20 20 20 20 20 20 20 20 20 20 20 20 20 20 25 30 32 31 34 38 39 45 53 54 53 53 53 54 56 58 60 62 64 63 62 64 69 69 70 71 73 73 74 75 76 77 78 80 81 82 83 84 86
28 28 28 28 28 28 28 29 30 32 30 27 20 20 20 20 18 18 18 18 18 18 20 20 20 20 20 20 20 20 20 20 20 20 20 20 20 20 20 20 20 20 20 20 20 20 20 20 20 20 20 20 20 20 20 22 28 35 36 36 36 38 38 40 46 53 54 56 56 58 56 56 58 59 62 65 64 64 66 70 70 71 72 75 76 76 76 78 78 80 82 83 84 85 86 88
26 26 26 26 26 27 28 29 31 32 30 25 19 18 18 18 18 18 18 18 18 20 20 20 20 20 20 20 20 20 20 20 20 20 20 20 20 20 20 20 20 20 20 20 20 20 20 20 20 20 20 20 20 20 20 28 34 36 36 37 38 40 44 45 48 53 54 56 58 59 59 59 59 59 60 65 66 66 68 71 72 74 75 77 78 79 79 80 81 82 84 85 86 87 88 90
26 26 26 26 26 27 28 28 28 28 26 19 18 18 18 18 18 18 18 18 18 20 20 20 20 20 20 20 20 20 20 20 20 20 20 20 20 20 20 20 20 20 20 20 20 20 20 20 20 20 20 20 20 20 22 32 36 38 38 38 40 43 50 50 52 54 54 56 58 61 62 62 62 62 64 67 68 68 68 71 74 76 76 78 80 80 82 82 82 84 86 87 88 89 90 92
23 24 24 26 28 28 26 24 22 21 19 18 18 18 18 18 18 18 18 18 18 18 18 20 20 20 20 20 20 20 20 20 20 20 20 20 20 20 20 20 20 20 20 20 20 19 20 20 20 20 20 20 20 22 31 36 36 38 41 43 45 47 50 52 54 56 56 56 58 61 64 64 63 64 66 69 70 70 70 72 74 76 78 81 82 82 83 84 84 86 87 89 90 92 93 95
22 22 24 25 28 27 24 19 18 18 18 18 18 18 18 18 18 18 18 18 18 18 18 18 18 18 18 20 20 20 20 20 20 20 20 20 20 20 20 20 20 20 20 20 18 19 20 20 20 20 20 20 20 24 34 36 36 39 44 46 48 49 50 52 54 57 58 58 58 60 62 64 66 64 62 66 68 70 72 73 76 77 80 82 84 84 84 85 86 88 88 90 92 94 96 96
22 22 22 23 25 24 19 17 18 18 17 16 16 16 17 18 18 18 18 18 18 18 18 18 18 18 18 20 20 20 20 20 20 20 20 20 20 20 20 20 20 20 20 19 18 20 20 20 20 20 20 21 24 32 36 38 38 39 43 45 47 49 50 52 54 57 60 60 60 60 59 63 66 64 64 66 68 71 73 75 77 80 82 83 84 86 87 88 89 90 91 93 94 96 97 98
22 21 20 20 18 18 16 16 16 16 16 16 14 14 16 16 18 18 18 18 18 18 18 18 18 18 18 19 20 20 20 20 20 20 20 20 20 20 20 20 20 18 18 18 20 20 20 20 20 20 20 24 32 35 36 38 38 38 38 40 42 44 46 49 52 56 60 62 62 61 58 63 66 64 64 67 72 75 76 76 78 81 82 84 86 88 88 90 92 92 92 94 96 97 98 100
19 18 16 16 16 16 16 16 16 15 14 14 14 14 14 15 16 17 18 18 18 18 18 18 18 18 18 19 20 20 20 20 20 20 20 20 20 20 20 20 18 18 18 18 20 20 20 20 20 20 23 32 36 36 36 37 36 36 36 36 38 43 44 47 50 55 60 63 64 63 61 63 66 66 66 69 74 76 76 78 81 83 85 87 88 90 90 92 92 94 95 96 98 99 100 101
14 16 16 16 16 16 14 14 14 14 14 14 14 14 14 14 14 15 16 18 18 18 18 18 18 19 20 20 20 20 20 20 20 20 20 20 20 20 18 18 18 18 18 19 20 20 20 20 20 21 30 35 36 37 38 36 34 34 34 37 40 45 48 50 52 55 60 62 62 64 62 63 66 68 68 71 74 76 76 80 84 86 88 88 90 90 92 93 94 95 96 98 100 101 102 102
15 16 16 16 15 14 14 14 14 14 14 14 14 14 14 14 14 14 16 17 18 18 18 20 19 20 20 20 20 20 20 20 20 20 20 20 19 18 18 18 18 18 18 20 20 20 20 20 20 27 33 34 36 38 39 39 35 34 36 41 45 48 50 52 54 58 59 62 64 64 62 63 66 68 70 72 74 77 79 83 86 88 88 90 91 92 94 95 96 98 99 100 101 102 102 102
16 16 14 14 14 14 14 14 14 14 14 14 14 14 14 14 14 14 14 15 16 17 18 18 20 20 20 20 20 20 20 20 20 20 20 20 18 18 18 18 18 18 18 20 20 20 20 20 22 31 34 35 36 38 40 39 36 36 38 47 50 48 48 50 54 57 60 63 66 65 64 64 66 69 72 73 76 79 82 85 88 89 90 91 92 94 96 97 100 100 102 102 102 102 104 104
14 14 14 14 14 14 14 14 14 14 14 14 14 14 14 14 14 14 14 14 14 16 17 18 18 20 18 18 20 20 20 20 20 20 20 19 18 18 18 18 18 18 20 20 20 20 20 21 29 33 36 36 36 38 39 38 36 38 42 49 51 51 48 50 52 56 58 63 66 65 65 68 71 73 77 77 77 81 84 86 88 90 91 93 95 96 97 99 101 102 102 102 103 103 104 104
14 14 14 14 14 14 14 14 14 14 14 14 14 14 14 14 14 14 14 14 14 15 16 17 18 18 18 20 20 20 20 20 20 20 18 18 18 18 18 18 18 18 20 20 20 19 18 22 30 33 34 36 36 38 38 38 38 39 42 47 52 54 50 52 54 57 60 64 64 64 68 72 74 76 78 78 78 81 84 86 88 91 94 95 96 98 98 100 102 102 104 104 104 104 104 104
14 14 14 14 14 14 14 14 14 14 14 14 14 14 14 14 14 14 14 14 14 14 16 16 17 18 18 20 20 20 20 20 19 18 18 18 18 18 18 18 18 20 20 20 20 18 20 26 32 34 34 35 36 38 38 38 38 41 44 47 52 54 53 56 56 59 62 64 62 65 70 74 76 74 76 77 78 80 82 84 88 91 94 96 97 98 98 100 101 102 102 103 104 104 104 106
14 14 14 14 14 14 14 14 14 14 14 14 14 14 14 14 14 14 14 14 16 16 16 16 16 16 18 19 20 20 20 18 18 18 18 18 18 18 18 18 18 20 20 20 18 18 20 27 32 34 34 36 38 38 38 38 40 45 48 49 52 55 56 56 56 58 62 62 64 65 68 71 74 74 76 78 80 80 82 83 86 89 90 93 96 97 98 99 100 102 102 102 104 104 106 106
14 14 14 14 14 14 14 14 14 14 14 14 14 14 14 14 14 14 14 16 16 16 16 16 16 16 16 18 19 20 18 18 18 18 18 18 18 18 18 18 19 20 20 19 18 18 20 27 29 33 34 38 39 39 39 39 42 47 49 52 54 55 56 56 56 58 60 62 64 65 68 71 74 74 76 78 78 80 80 82 84 87 90 93 96 96 98 99 100 102 102 103 104 106 106 107
14 14 14 14 14 14 14 14 14 14 14 14 14 14 14 14 14 14 14 16 16 16 16 16 16 16 16 17 18 18 18 18 18 18 18 18 18 18 18 18 20 20 18 18 18 20 24 28 26 27 32 39 42 44 42 41 42 46 48 50 50 52 54 54 56 58 60 62 64 65 68 73 74 74 76 77 78 79 80 82 84 87 90 94 94 96 98 98 98 100 102 103 104 106 106 107
14 14 14 14 14 14 14 14 14 14 14 14 14 14 14 14 14 14 16 16 16 16 16 16 16 16 16 16 18 18 18 18 18 18 18 18 18 18 18 20 20 20 18 19 21 25 26 27 26 28 31 39 45 47 46 41 41 43 45 47 49 51 52 54 56 58 60 62 64 65 69 73 74 74 76 77 78 80 82 84 86 88 92 94 94 96 96 98 98 99 100 102 104 106 106 106
14 14 14 14 14 14 14 14 14 14 14 14 14 14 14 14 14 14 14 16 16 16 16 16 16 16 16 16 16 18 18 18 18 18 18 18 18 18 18 20 20 18 20 23 26 27 26 26 26 30 32 35 44 45 42 38 38 39 42 45 48 50 52 53 56 57 60 62 64 65 70 72 74 74 76 78 80 81 84 85 86 89 92 93 94 94 96 96 98 98 100 102 104 104 104 106
14 14 14 14 14 14 14 14 14 14 14 14 14 14 14 14 14 14 14 16 16 16 16 16 16 16 16 16 16 18 18 18 18 18 18 18 18 18 20 20 18 19 24 30 30 30 27 27 29 32 33 34 35 37 38 38 38 38 38 42 46 49 50 53 54 57 59 61 63 66 70 72 74 75 77 79 81 84 86 86 88 90 92 92 94 94 94 96 96 98 98 100 101 102 102 104
14 14 14 14 14 14 14 14 14 14 14 14 14 14 14 14 14 14 16 16 16 16 16 16 16 16 16 16 18 18 18 18 18 18 18 18 18 18 18 18 18 21 30 32 32 34 34 32 32 33 34 36 36 37 38 38 38 38 38 39 42 47 50 53 56 57 58 60 62 65 68 72 72 75 78 80 82 84 86 87 88 90 92 92 92 92 94 94 96 96 98 98 100 100 102 103
14 14 14 14 14 14 14 14 14 14 14 14 14 14 14 14 14 15 16 16 16 16 16 16 16 16 16 17 18 18 18 18 18 18 18 18 18 18 18 18 18 23 33 34 34 34 36 37 37 37 36 36 36 38 38 38 38 38 38 38 40 45 50 52 54 56 58 60 62 65 68 70 72 74 76 80 82 84 86 87 88 90 90 92 92 92 92 94 94 95 96 96 97 98 100 101
14 14 14 14 14 14 14 14 14 14 14 14 14 14 14 14 14 14 16 16 16 16 16 16 16 16 16 18 18 18 18 18 18 18 18 18 18 18 18 18 20 27 34 34 34 35 38 41 42 40 38 36 38 38 38 38 38 38 38 38 40 45 48 50 52 55 58 59 60 64 66 69 72 74 76 79 82 84 84 86 88 88 90 90 90 90 90 92 92 94 94 94 96 96 98 98
14 14 14 14 14 14 14 14 14 14 14 14 14 14 14 14 14 14 14 16 16 16 16 16 16 16 18 18 18 18 18 18 18 18 18 18 18 18 18 23 26 32 34 36 35 38 42 44 42 40 36 38 38 38 38 38 38 38 38 40 42 46 50 50 52 55 56 58 60 63 66 68 70 73 75 78 80 82 83 84 85 86 87 88 89 89 90 90 90 92 93 94 94 94 96 97
14 14 14 14 14 14 14 14 14 14 14 14 14 14 14 14 14 14 14 16 16 16 16 16 16 17 18 18 18 18 18 18 18 18 18 18 18 18 20 29 32 34 34 36 38 41 42 44 40 36 36 38 38 38 38 38 38 38 40 40 42 45 48 50 52 55 56 58 60 62 64 66 68 71 72 75 78 79 80 82 82 84 84 85 86 88 88 88 90 90 92 92 92 94 94 96
14 14 14 14 14 14 14 14 14 14 14 14 14 14 14 14 14 14 14 16 16 16 16 16 16 18 18 18 18 18 18 18 18 18 18 18 18 20 27 33 34 34 35 36 38 40 36 36 35 35 36 36 38 38 38 38 38 39 41 42 42 44 46 49 50 52 55 57 59 61 62 64 66 69 71 73 75 78 79 80 81 82 82 83 84 86 87 88 88 90 91 92 92 94 96 97
14 14 14 14 14 14 14 14 14 14 14 14 14 14 14 14 14 14 14 16 16 16 16 16 16 18 18 18 18 17 18 18 18 18 18 18 18 24 32 34 34 35 38 38 38 33 32 34 34 34 36 36 38 38 38 38 38 41 44 46 48 48 48 48 46 46 50 55 58 60 60 62 64 68 70 72 74 76 76 78 78 80 80 82 82 84 86 87 88 90 90 92 94 95 96 98
14 14 14 14 14 14 14 14 14 14 14 14 14 14 14 14 14 14 14 16 16 16 16 16 17 18 18 17 16 18 18 18 18 18 18 18 21 27 33 34 35 36 41 44 43 35 33 34 34 35 36 37 38 38 39 39 41 44 46 48 50 52 52 53 50 49 48 51 56 59 60 62 64 67 68 70 72 74 75 76 77 78 80 82 82 84 86 87 88 90 91 92 94 95 96 98
14 14 14 14 14 14 14 14 14 14 14 14 14 14 14 14 14 14 14 16 16 16 16 17 18 18 16 16 16 18 18 18 18 18 18 19 26 31 34 34 34 35 40 44 44 35 34 34 36 37 38 39 40 40 40 42 44 46 48 49 50 51 52 54 54 56 54 54 56 58 58 61 64 65 66 68 70 72 74 74 76 77 80 82 82 84 86 87 90 91 92 94 94 96 98 98
14 14 14 14 14 14 14 14 14 14 14 14 14 14 14 14 14 14 14 16 16 16 17 18 18 16 16 16 18 18 18 18 18 18 18 22 28 31 34 35 36 35 35 39 38 35 34 35 37 40 41 42 41 42 42 44 45 47 48 50 50 52 54 56 56 56 58 57 57 56 56 60 62 64 66 68 70 71 72 74 74 76 78 81 82 84 86 88 90 92 92 94 96 97 98 100
14 14 14 14 14 14 14 14 14 14 14 14 14 14 14 14 14 14 16 16 18 18 18 17 16 16 16 17 18 18 18 18 18 18 20 25 30 32 34 36 38 38 36 35 34 34 36 37 40 40 42 44 44 44 44 45 46 48 50 51 52 54 56 56 56 56 58 58 60 58 56 57 62 64 66 67 68 70 72 74 74 76 78 80 82 84 86 88 90 92 92 94 96 98 100 100
14 14 14 14 14 14 14 14 14 14 14 14 14 14 14 14 14 16 16 18 19 21 19 17 16 16 17 18 18 18 18 18 18 19 25 30 32 34 36 38 38 43 41 35 35 37 39 41 42 42 42 47 46 45 44 46 46 48 50 53 54 56 56 57 57 58 59 61 62 62 59 57 60 63 66 67 68 70 71 73 74 76 78 80 82 85 86 88 90 92 92 94 96 98 99 100
14 14 14 14 14 14 14 14 14 14 14 14 14 14 14 14 16 16 18 20 22 22 20 16 16 16 18 18 18 18 18 18 18 21 28 32 32 35 38 42 40 42 40 36 40 42 42 44 44 43 44 47 48 48 46 46 46 48 52 55 56 56 58 58 58 59 60 62 62 64 62 60 58 61 66 67 68 69 70 72 74 76 78 81 82 84 86 88 90 92 92 94 96 97 98 100
14 14 14 14 14 14 14 14 14 14 14 14 14 14 14 15 16 18 20 21 22 20 17 16 16 18 18 18 18 18 18 18 21 28 33 34 35 37 40 43 42 37 34 37 43 44 44 45 46 46 46 48 50 51 51 50 48 50 54 56 57 56 57 58 58 60 62 63 64 65 65 64 59 63 66 68 68 68 70 72 74 76 78 81 82 84 86 88 90 91 92 94 96 96 98 99
14 14 14 14 14 14 14 14 14 14 14 14 14 14 14 16 18 20 22 22 20 17 16 16 16 18 18 18 18 18 18 21 26 31 34 36 38 38 40 42 40 34 34 39 44 45 46 46 48 48 50 50 52 53 54 52 52 54 56 58 58 57 56 58 58 60 62 63 64 66 66 66 64 62 64 66 68 68 70 70 72 75 78 80 82 83 84 86 88 90 92 93 94 96 96 98
14 14 14 14 14 14 14 14 14 14 14 14 14 15 16 19 20 22 24 21 17 16 16 16 18 18 18 18 18 18 21 28 31 33 35 37 38 40 39 36 33 33 37 42 45 46 47 49 50 50 50 52 52 54 54 54 55 56 58 58 58 57 58 58 60 62 63 64 65 66 66 68 67 65 64 64 66 68 69 70 72 75 76 79 80 82 83 85 86 88 90 92 93 94 96 97
